,Id,Type
0,0,0
1,1,0
2,2,1
3,3,0
4,4,0
5,5,0
6,6,0
7,7,1
8,8,1
9,9,1
10,10,1
11,11,0
12,12,0
13,13,0
14,14,0
15,15,1
16,16,0
17,17,0
18,18,0
19,19,0
20,20,0
21,21,1
22,22,0
23,23,1
24,24,0
25,25,0
26,26,1
27,27,1
28,28,1
29,29,0
30,30,1
31,31,0
32,32,0
33,33,1
34,34,0
35,35,0
36,36,1
37,37,0
38,38,0
39,39,0
40,40,1
41,41,1
42,42,1
43,43,0
44,44,0
45,45,1
46,46,1
47,47,1
48,48,1
49,49,1
50,50,0
51,51,1
52,52,1
53,53,1
54,54,1
55,55,1
56,56,1
57,57,0
58,58,0
59,59,1
60,60,1
61,61,1
62,62,1
63,63,1
64,64,1
65,65,1
66,66,0
67,67,0
68,68,0
69,69,1
70,70,0
71,71,0
72,72,0
73,73,0
74,74,1
75,75,1
76,76,0
77,77,1
78,78,0
79,79,1
80,80,1
81,81,0
82,82,0
83,83,1
84,84,1
85,85,1
86,86,0
87,87,1
88,88,0
89,89,0
90,90,0
91,91,0
92,92,1
93,93,1
94,94,0
95,95,1
96,96,1
97,97,0
98,98,1
99,99,1
100,100,0
101,101,1
102,102,1
103,103,1
104,104,0
105,105,0
106,106,1
107,107,0
108,108,1
109,109,1
110,110,1
111,111,0
112,112,1
113,113,0
114,114,0
115,115,1
116,116,1
117,117,1
118,118,0
119,119,1
120,120,0
121,121,1
122,122,1
123,123,0
124,124,0
125,125,1
126,126,1
127,127,0
128,128,1
129,129,1
130,130,1
131,131,1
132,132,0
133,133,1
134,134,1
135,135,1
136,136,0
137,137,0
138,138,1
139,139,1
140,140,1
141,141,1
142,142,0
143,143,1
144,144,1
145,145,1
146,146,0
147,147,0
148,148,0
149,149,0
150,150,0
151,151,1
152,152,1
153,153,1
154,154,1
155,155,0
156,156,1
157,157,1
158,158,1
159,159,0
160,160,0
161,161,0
162,162,0
163,163,1
164,164,1
165,165,1
166,166,0
167,167,1
168,168,1
169,169,0
170,170,0
171,171,0
172,172,0
173,173,0
174,174,1
175,175,1
176,176,1
177,177,1
178,178,0
179,179,0
180,180,0
181,181,0
182,182,1
183,183,1
184,184,1
185,185,1
186,186,1
187,187,1
188,188,0
189,189,1
190,190,0
191,191,1
192,192,1
193,193,1
194,194,1
195,195,0
196,196,0
197,197,0
198,198,0
199,199,1
200,200,1
201,201,0
202,202,0
203,203,1
204,204,0
205,205,1
206,206,1
207,207,0
208,208,0
209,209,1
210,210,0
211,211,0
212,212,0
213,213,1
214,214,1
215,215,0
216,216,0
217,217,1
218,218,0
219,219,1
220,220,0
221,221,1
222,222,1
223,223,1
224,224,0
225,225,1
226,226,0
227,227,0
228,228,1
229,229,0
230,230,0
231,231,0
232,232,0
233,233,1
234,234,1
235,235,1
236,236,1
237,237,0
238,238,0
239,239,1
240,240,0
241,241,1
242,242,0
243,243,0
244,244,1
245,245,1
246,246,1
247,247,0
248,248,1
249,249,0
250,250,0
251,251,1
252,252,1
253,253,1
254,254,1
255,255,0
256,256,0
257,257,1
258,258,0
259,259,0
260,260,1
261,261,0
262,262,1
263,263,0
264,264,1
265,265,1
266,266,1
267,267,1
268,268,1
269,269,0
270,270,0
271,271,0
272,272,1
273,273,0
274,274,0
275,275,1
276,276,1
277,277,0
278,278,1
279,279,1
280,280,0
281,281,1
282,282,1
283,283,1
284,284,1
285,285,0
286,286,0
287,287,0
288,288,0
289,289,1
290,290,1
291,291,1
292,292,1
293,293,1
294,294,0
295,295,1
296,296,0
297,297,1
298,298,1
299,299,0
300,300,0
301,301,1
302,302,1
303,303,1
304,304,0
305,305,0
306,306,1
307,307,1
308,308,1
309,309,1
310,310,0
311,311,1
312,312,0
313,313,1
314,314,0
315,315,0
316,316,0
317,317,0
318,318,0
319,319,0
320,320,0
321,321,0
322,322,1
323,323,0
324,324,1
325,325,0
326,326,1
327,327,0
328,328,1
329,329,1
330,330,0
331,331,0
332,332,1
333,333,0
334,334,0
335,335,1
336,336,0
337,337,1
338,338,0
339,339,1
340,340,1
341,341,1
342,342,0
343,343,0
344,344,0
345,345,0
346,346,0
347,347,1
348,348,0
349,349,0
350,350,0
351,351,0
352,352,0
353,353,1
354,354,1
355,355,1
356,356,1
357,357,0
358,358,0
359,359,1
360,360,0
361,361,1
362,362,0
363,363,1
364,364,1
365,365,1
366,366,1
367,367,1
368,368,0
369,369,1
370,370,1
371,371,0
372,372,0
373,373,1
374,374,1
375,375,0
376,376,0
377,377,1
378,378,0
379,379,1
380,380,0
381,381,0
382,382,0
383,383,0
384,384,0
385,385,1
386,386,0
387,387,0
388,388,0
389,389,0
390,390,1
391,391,0
392,392,0
393,393,1
394,394,1
395,395,0
396,396,1
397,397,1
398,398,0
399,399,0
400,400,1
401,401,1
402,402,1
403,403,1
404,404,1
405,405,0
406,406,1
407,407,1
408,408,0
409,409,0
410,410,1
411,411,1
412,412,0
413,413,1
414,414,1
415,415,0
416,416,1
417,417,0
418,418,1
419,419,1
420,420,0
421,421,1
422,422,0
423,423,1
424,424,0
425,425,0
426,426,0
427,427,1
428,428,1
429,429,0
430,430,1
431,431,1
432,432,0
433,433,0
434,434,1
435,435,0
436,436,1
437,437,0
438,438,0
439,439,1
440,440,0
441,441,1
442,442,1
443,443,1
444,444,0
445,445,1
446,446,0
447,447,0
448,448,0
449,449,1
450,450,1
451,451,1
452,452,1
453,453,1
454,454,0
455,455,1
456,456,0
457,457,0
458,458,0
459,459,1
460,460,0
461,461,1
462,462,1
463,463,0
464,464,0
465,465,1
466,466,0
467,467,1
468,468,1
469,469,0
470,470,0
471,471,0
472,472,1
473,473,1
474,474,0
475,475,0
476,476,1
477,477,1
478,478,1
479,479,1
480,480,0
481,481,1
482,482,1
483,483,1
484,484,0
485,485,1
486,486,0
487,487,0
488,488,0
489,489,0
490,490,0
491,491,0
492,492,1
493,493,0
494,494,0
495,495,1
496,496,0
497,497,1
498,498,1
499,499,1
500,500,0
501,501,1
502,502,1
503,503,0
504,504,0
505,505,0
506,506,0
507,507,0
508,508,0
509,509,0
510,510,1
511,511,1
512,512,1
513,513,0
514,514,0
515,515,0
516,516,1
517,517,1
518,518,1
519,519,0
520,520,1
521,521,1
522,522,1
523,523,1
524,524,0
525,525,1
526,526,1
527,527,0
528,528,1
529,529,1
530,530,0
531,531,0
532,532,1
533,533,0
534,534,0
535,535,1
536,536,0
537,537,0
538,538,1
539,539,0
540,540,1
541,541,0
542,542,0
543,543,1
544,544,0
545,545,1
546,546,1
547,547,1
548,548,0
549,549,1
550,550,1
551,551,1
552,552,1
553,553,1
554,554,1
555,555,0
556,556,0
557,557,1
558,558,1
559,559,1
560,560,0
561,561,0
562,562,1
563,563,0
564,564,1
565,565,1
566,566,1
567,567,0
568,568,1
569,569,1
570,570,0
571,571,0
572,572,1
573,573,1
574,574,1
575,575,0
576,576,0
577,577,1
578,578,0
579,579,0
580,580,1
581,581,1
582,582,0
583,583,1
584,584,0
585,585,1
586,586,1
587,587,0
588,588,1
589,589,1
590,590,1
591,591,1
592,592,0
593,593,1
594,594,0
595,595,1
596,596,1
597,597,0
598,598,0
599,599,1
600,600,0
601,601,1
602,602,0
603,603,0
604,604,0
605,605,1
606,606,0
607,607,1
608,608,1
609,609,1
610,610,0
611,611,0
612,612,0
613,613,0
614,614,0
615,615,1
616,616,0
617,617,0
618,618,0
619,619,1
620,620,0
621,621,1
622,622,0
623,623,0
624,624,1
625,625,0
626,626,1
627,627,1
628,628,0
629,629,1
